1395491289851	0.947407	0.982194	0.952912	3101.17	8.53658	2951.34	-673.789	1.37201e+06	
1395491289913	0.973701	0.976454	0.987751	3092.92	118.86	2951.34	-673.789	870905	
1395491289992	0.982463	0.984299	0.990419	3081.08	188.318	2951.34	-673.789	658968	
1395491290072	0.986844	0.988221	0.992053	3070.13	240.171	2951.34	-673.789	535408	
1395491290157	0.989471	0.990573	0.993178	3060.56	281.365	2951.34	-673.789	452711	
1395491290203	0.991225	0.992143	0.994009	3052.26	315.208	2951.34	-673.789	392895	
1395491290268	0.992476	0.993262	0.994650	3045.06	343.635	2951.34	-673.789	347413	
1395491290349	0.993413	0.994101	0.995160	3038.77	367.91	2951.34	-673.789	311583	
1395491290433	0.994141	0.994753	0.995578	3033.23	388.911	2951.34	-673.789	282598	
1395491290513	0.994724	0.995274	0.995927	3028.33	407.274	2951.34	-673.789	258658	
1395491290564	0.995202	0.995702	0.996225	3023.97	423.476	2951.34	-673.789	238547	
1395491290631	0.995599	0.996058	0.996480	3020.05	437.883	2951.34	-673.789	221422	
1395491290713	0.995934	0.996357	0.996701	3016.53	450.781	2951.34	-673.789	206667	
1395491290794	0.996221	0.996614	0.996895	3013.34	462.397	2951.34	-673.789	193825	
1395491290868	0.996470	0.996837	0.997067	3010.43	472.916	2951.34	-673.789	182548	
1395491290915	0.996689	0.997033	0.997221	3007.78	482.487	2951.34	-673.789	172566	
1395491290977	0.996881	0.997205	0.997359	3005.35	491.233	2951.34	-673.789	163677	
1395491291058	0.997051	0.997357	0.997483	3003.11	499.257	2951.34	-673.789	155711	
1395491291139	0.997203	0.997493	0.997594	3001.04	506.645	2951.34	-673.789	148533	
1395491291219	0.997340	0.997615	0.997696	2999.13	513.471	2951.34	-673.789	142032	
1395491291263	0.997465	0.997727	0.997791	2997.35	519.796	2951.34	-673.789	136113	
1395491291328	0.997578	0.997828	0.997878	2995.7	525.674	2951.34	-673.789	130709	
1395491291404	0.997680	0.997919	0.997957	2994.15	531.15	2951.34	-673.789	125755	
1395491291485	0.997773	0.998003	0.998029	2992.71	536.266	2951.34	-673.789	121197	
1395491291567	0.997859	0.998079	0.998096	2991.35	541.054	2951.34	-673.789	116989	
1395491291611	0.997940	0.998152	0.998161	2990.08	545.546	2951.34	-673.789	113089	
1395491291675	0.998014	0.998218	0.998220	2988.88	549.769	2951.34	-673.789	109471	
1395491291752	0.998082	0.998278	0.998274	2987.75	553.746	2951.34	-673.789	106104	
1395491291832	0.998144	0.998334	0.998325	2986.69	557.497	2951.34	-673.789	102963	
1395491291913	0.998203	0.998387	0.998373	2985.68	561.043	2951.34	-673.789	100026	
1395491291956	0.998260	0.998438	0.998419	2984.72	564.398	2951.34	-673.789	97267.8	
1395491292024	0.998312	0.998484	0.998462	2983.81	567.579	2951.34	-673.789	94681.3	
1395491292109	0.998359	0.998526	0.998501	2982.95	570.598	2951.34	-673.789	92249.9	
1395491292191	0.998404	0.998566	0.998539	2982.13	573.468	2951.34	-673.789	89957.9	
1395491292271	0.998446	0.998604	0.998574	2981.35	576.199	2951.34	-673.789	87793.7	
1395491292311	0.998489	0.998642	0.998609	2980.6	578.801	2951.34	-673.789	85742.1	
1395491292387	0.998527	0.998676	0.998642	2979.64	582.984	2951.84	-671.854	83866.9	
1395491292466	0.998564	0.998709	0.998673	2978.25	589.651	2953.38	-666.772	82200.7	
1395491292547	0.998599	0.998740	0.998705	2976.47	596.652	2956.07	-659.713	81101.7	
1395491292625	0.998634	0.998771	0.998735	2974.39	603.134	2956.59	-654.615	79498.7	
1395491292667	0.998669	0.998802	0.998766	2972.38	609.329	2957.07	-649.745	77977.9	
1395491292731	0.998700	0.998828	0.998793	2970.19	612.298	2956.24	-647.866	76692.2	
1395491292812	0.998627	0.998852	0.998818	2967.92	615.94	2956.24	-647.866	75208.1	
1395491292895	0.998553	0.998874	0.998842	2965.67	619.094	2956.24	-647.866	73920.2	
1395491292973	0.998491	0.998897	0.998865	2963.42	622.435	2956.24	-647.866	72576.1	
1395491293017	0.998471	0.998920	0.998887	2962.93	628.334	2956.24	-647.866	70424.5	
1395491293081	0.998431	0.998941	0.998908	2962.32	635.149	2956.24	-647.866	68027.6	
1395491293159	0.998372	0.998960	0.998927	2960.39	638.22	2956.24	-647.866	66847.9	
1395491293238	0.998314	0.998979	0.998946	2958.62	641.533	2956.24	-647.866	65612	
1395491293320	0.998252	0.998996	0.998964	2956.98	645.751	2956.24	-647.866	64106.8	
1395491293362	0.998236	0.998977	0.998983	2955.73	649.466	2956.24	-647.866	62733.9	
1395491293431	0.998194	0.998926	0.998999	2954.94	653.045	2956.24	-647.866	61464	
1395491293514	0.998134	0.998855	0.999014	2954.15	658.155	2956.24	-647.866	59747.5	
1395491293592	0.998082	0.998795	0.999030	2952.32	661.522	2956.24	-647.866	58553.3	
1395491293670	0.998032	0.998738	0.999045	2951.02	664.919	2956.24	-647.866	57380.3	
1395491293720	0.998011	0.998715	0.999060	2950.3	668.626	2956.24	-647.866	56094.3	
1395491293777	0.997984	0.998685	0.999074	2948.85	670.452	2956.24	-647.866	55403.2	
1395491293860	0.997929	0.998624	0.999004	2948.85	670.452	2956.24	-647.866	55545.1	
1395491293940	0.997878	0.998569	0.998941	2948.85	670.452	2956.24	-647.866	55676.5	
1395491294017	0.997832	0.998520	0.998886	2948.85	670.452	2956.24	-647.866	55797.2	
1395491294060	0.997818	0.998505	0.998869	2948.85	670.452	2956.24	-647.866	55834.7	
1395491294126	0.997785	0.998469	0.998830	2948.85	670.452	2956.24	-647.866	55922.2	
1395491294220	0.997718	0.998399	0.998754	2948.85	670.452	2956.24	-647.866	56098.9	
1395491294288	0.997683	0.998363	0.998715	2948.85	670.452	2956.24	-647.866	56191.1	
1395491294368	0.997636	0.998314	0.998663	2948.85	670.452	2956.24	-647.866	56317.5	
1395491294410	0.997623	0.998301	0.998649	2948.85	670.452	2956.24	-647.866	56352.2	
1395491294475	0.997593	0.998270	0.998616	2948.85	670.452	2956.24	-647.866	56434.7	
1395491294552	0.997550	0.998226	0.998570	2948.85	670.452	2956.24	-647.866	56550.3	
1395491294633	0.997504	0.998178	0.998520	2948.85	670.452	2956.24	-647.866	56677.5	
1395491294714	0.997457	0.998132	0.998472	2948.85	670.452	2956.24	-647.866	56804.1	
1395491294757	0.997444	0.998118	0.998458	2948.85	670.452	2956.24	-647.866	56839.6	
1395491294824	0.997413	0.998087	0.998426	2948.85	670.452	2956.24	-647.866	56925.2	
1395491294919	0.997351	0.998025	0.998362	2948.85	670.452	2956.24	-647.866	57096.7	
1395491294984	0.997322	0.997996	0.998332	2948.85	670.452	2956.24	-647.866	57177	
1395491295062	0.997281	0.997955	0.998290	2948.85	670.452	2956.24	-647.866	57291.4	
1395491295115	0.997262	0.997936	0.998271	2948.85	670.452	2956.24	-647.866	57344.2	
1395491295173	0.997240	0.997913	0.998248	2948.85	670.452	2956.24	-647.866	57407	
1395491295253	0.997198	0.997871	0.998205	2948.85	670.452	2956.24	-647.866	57526.1	
1395491295332	0.997156	0.997830	0.998164	2948.85	670.452	2956.24	-647.866	57642.1	
1395491295411	0.997115	0.997790	0.998123	2948.85	670.452	2956.24	-647.866	57757.6	
1395491295448	0.997107	0.997781	0.998114	2948.85	670.452	2956.24	-647.866	57782.8	
1395491295518	0.997075	0.997750	0.998082	2948.85	670.452	2956.24	-647.866	57872.6	
1395491295599	0.997033	0.997708	0.998040	2948.85	670.452	2956.24	-647.866	57992.7	
1395491295677	0.996994	0.997670	0.998002	2948.85	670.452	2956.24	-647.866	58103.9	
1395491295756	0.996954	0.997631	0.997962	2948.85	670.452	2956.24	-647.866	58217.4	
1395491295803	0.996940	0.997617	0.997949	2948.85	670.452	2956.24	-647.866	58257.5	
1395491295863	0.996917	0.997595	0.997926	2948.85	670.452	2956.24	-647.866	58322.4	
1395491295944	0.996876	0.997554	0.997886	2948.85	670.452	2956.24	-647.866	58440.6	
1395491296024	0.996836	0.997515	0.997847	2948.85	670.452	2956.24	-647.866	58555.8	
1395491296112	0.996788	0.997468	0.997800	2948.85	670.452	2956.24	-647.866	58694.6	
1395491296155	0.996777	0.997457	0.997789	2948.85	670.452	2956.24	-647.866	58727.7	
1395491296219	0.996752	0.997433	0.997764	2948.85	670.452	2956.24	-647.866	58800.5	
1395491296310	0.996701	0.997383	0.997715	2948.85	670.452	2956.24	-647.866	58947.6	
1395491296376	0.996674	0.997357	0.997689	2948.85	670.452	2956.24	-647.866	59025.1	
1395491296457	0.996635	0.997319	0.997650	2948.85	670.452	2956.24	-647.866	59141	
1395491296497	0.996625	0.997309	0.997641	2948.85	670.452	2956.24	-647.866	59169.2	
1395491296564	0.996598	0.997283	0.997615	2948.85	670.452	2956.24	-647.866	59248.1	
1395491296644	0.996560	0.997246	0.997578	2948.85	670.452	2956.24	-647.866	59360.5	
1395491296730	0.996516	0.997203	0.997535	2948.85	670.452	2956.24	-647.866	59490.3	
1395491296804	0.996483	0.997171	0.997504	2948.85	670.452	2956.24	-647.866	59586.3	
1395491296846	0.996472	0.997161	0.997494	2948.85	670.452	2956.24	-647.866	59617.1	
1395491296918	0.996442	0.997131	0.997464	2948.85	670.452	2956.24	-647.866	59707.2	
1395491296995	0.996407	0.997097	0.997431	2948.85	670.452	2956.24	-647.866	59810.3	
1395491297075	0.996370	0.997061	0.996874	2948.85	670.452	2956.24	-647.866	60743.4	
1395491297153	0.996334	0.997027	0.996381	2948.85	670.452	2956.24	-647.866	61602.3	
1395491297197	0.996323	0.997016	0.996759	2942.27	666.298	2956.24	-647.866	62949.1	
1395491297261	0.996299	0.996993	0.997039	2945.35	663.695	2956.24	-647.866	63734.1	
1395491297341	0.996262	0.996957	0.997266	2944.93	660.746	2956.24	-647.866	64620.6	
1395491297427	0.996219	0.996915	0.997457	2942.51	656.897	2956.24	-647.866	65809.5	
1395491297509	0.996181	0.996322	0.997620	2938.55	652.642	2956.24	-647.866	67110.3	
1395491297556	0.996168	0.996212	0.997754	2940.92	649.857	2956.24	-647.866	67875.2	
1395491297619	0.996145	0.995954	0.997872	2941.03	647.534	2956.24	-647.866	68478.5	
1395491297703	0.996105	0.996430	0.997976	2940.08	645.529	2956.24	-647.866	68994.8	
1395491297779	0.996072	0.996791	0.998069	2938.95	642.571	2956.24	-647.866	69829.7	
1395491297860	0.996035	0.997077	0.998153	2937.4	639.245	2956.24	-647.866	70796.4	
1395491297910	0.996021	0.997300	0.998231	2935.42	636.302	2956.24	-647.866	71583	
1395491297969	0.996002	0.997487	0.998296	2938.79	634.993	2956.24	-647.866	71867.8	
1395491298049	0.995441	0.997648	0.998355	2942.05	632.431	2956.24	-647.866	73629.6	
1395491298131	0.994858	0.997779	0.998410	2944.94	630.31	2956.24	-647.866	75336.4	
1395491298208	0.994387	0.997896	0.998464	2942.96	627.481	2956.24	-647.866	77077.3	
1395491298249	0.994317	0.998000	0.998515	2941.21	624.723	2956.24	-647.866	77985.8	
1395491298314	0.995167	0.998093	0.998560	2940.2	622.88	2955.05	-654.165	75804.2	
1395491298393	0.995757	0.998177	0.998602	2939.66	621.481	2949.21	-657.765	74225.7	
1395491298473	0.996200	0.998253	0.998641	2939.82	619.306	2941.69	-662.156	72549	
1395491298553	0.996530	0.998322	0.998676	2940.62	617.559	2944.05	-669.311	69890.1	
1395491298598	0.996804	0.998386	0.998713	2938.61	615.375	2942.41	-675.416	67739.1	
1395491298661	0.997034	0.998444	0.998746	2937.66	613.431	2938.64	-679.829	66116.2	
1395491298742	0.997228	0.998497	0.998776	2937.42	611.806	2934.21	-683.242	64758.1	
1395491298823	0.997397	0.998546	0.998804	2938.26	609.619	2929.15	-687.310	63383.5	
1395491298907	0.997537	0.998591	0.998831	2937.07	607.189	2930.66	-695.488	60885.4	
1395491298951	0.997662	0.998634	0.998816	2937.07	607.189	2931.12	-702.282	58291.5	
1395491299014	0.997773	0.998672	0.998784	2937.07	607.189	2931.21	-706.175	56677.4	
1395491299100	0.997872	0.998709	0.998727	2937.07	607.189	2930.95	-709.915	55184.7	
1395491299175	0.997963	0.998744	0.998684	2937.07	607.189	2930.22	-714.794	53351.1	
1395491299256	0.998045	0.998776	0.998636	2937.07	607.189	2929.3	-720.411	51335.3	
1395491299309	0.998121	0.998808	0.998616	2937.07	607.189	2928.36	-725.725	49407.5	
1395491299362	0.998189	0.998838	0.998595	2937.07	607.189	2928.51	-728.988	48138.9	
1395491299441	0.998255	0.998864	0.998551	2937.07	607.189	2924.43	-730.509	47415.1	
1395491299523	0.998315	0.998809	0.998504	2937.07	607.189	2920.97	-732.809	46482.8	
1395491299603	0.998371	0.998757	0.998460	2937.07	607.189	2918.17	-736.024	45296.7	
1395491299648	0.998424	0.998741	0.998447	2937.07	607.189	2915.55	-739.169	44107.3	
1395491299714	0.998471	0.998707	0.998417	2937.07	607.189	2914.97	-741.802	43120.6	
1395491299789	0.998516	0.998664	0.998380	2937.07	607.189	2911.83	-743.350	42461.6	
1395491299868	0.998558	0.998617	0.998339	2937.07	607.189	2909.49	-745.835	41556.3	
1395491299948	0.998596	0.998570	0.998298	2937.07	607.189	2908.47	-748.058	40756.2	
1395491299995	0.998577	0.998554	0.998283	2937.07	607.189	2908.47	-748.058	40796.4	
1395491300057	0.998544	0.998526	0.998259	2937.07	607.189	2908.47	-748.058	40865.9	
1395491300138	0.998489	0.998480	0.998218	2937.07	607.189	2908.47	-748.058	40984	
1395491300219	0.998435	0.998434	0.998177	2937.07	607.189	2908.47	-748.058	41101.4	
1395491300308	0.998372	0.998380	0.998128	2937.07	607.189	2908.47	-748.058	41241.9	
1395491300355	0.998355	0.998365	0.998114	2937.07	607.189	2908.47	-748.058	41280.9	
1395491300412	0.998329	0.998344	0.998094	2937.07	607.189	2908.47	-748.058	41337.7	
1395491300501	0.998269	0.998291	0.998046	2937.07	607.189	2908.47	-748.058	41475.6	
1395491300574	0.998229	0.998257	0.998014	2937.07	607.189	2908.47	-748.058	41568.1	
1395491300654	0.998182	0.998215	0.997976	2937.07	607.189	2908.47	-748.058	41678.2	
1395491300704	0.998163	0.998199	0.997961	2937.07	607.189	2908.47	-748.058	41721.1	
1395491300759	0.998142	0.998180	0.997944	2937.07	607.189	2908.47	-748.058	41772.7	
1395491300846	0.998087	0.998133	0.997899	2937.07	607.189	2908.47	-748.058	41901	
1395491300920	0.998049	0.998098	0.997867	2937.07	607.189	2908.47	-748.058	41993.8	
1395491301007	0.997996	0.998052	0.997824	2937.07	607.189	2908.47	-748.058	42120.9	
1395491301054	0.997981	0.998038	0.997811	2937.07	607.189	2908.47	-748.058	42158	
1395491301117	0.997954	0.998014	0.997788	2937.07	607.189	2908.47	-748.058	42224	
1395491301197	0.997910	0.997975	0.997752	2937.07	607.189	2908.47	-748.058	42330.2	
1395491301276	0.997868	0.997938	0.997717	2937.07	607.189	2908.47	-748.058	42433.4	
1395491301356	0.997826	0.997900	0.997681	2937.07	607.189	2908.47	-748.058	42538.8	
1395491301401	0.997813	0.997888	0.997669	2937.07	607.189	2908.47	-748.058	42572.1	
1395491301463	0.997787	0.997865	0.997648	2937.07	607.189	2908.47	-748.058	42634.8	
1395491301543	0.997746	0.997827	0.997612	2937.07	607.189	2908.47	-748.058	42739	
1395491301621	0.997707	0.997792	0.997578	2937.07	607.189	2908.47	-748.058	42837.9	
1395491301704	0.997663	0.997752	0.997540	2937.07	607.189	2908.47	-748.058	42949.3	
1395491301750	0.997649	0.997740	0.997529	2937.07	607.189	2908.47	-748.058	42983.5	
1395491301812	0.997625	0.997718	0.997508	2937.07	607.189	2908.47	-748.058	43045.2	
1395491301900	0.997577	0.997674	0.997466	2937.07	607.189	2908.47	-748.058	43169.2	
1395491301974	0.997542	0.997642	0.997436	2937.07	607.189	2908.47	-748.058	43256.9	
1395491302053	0.997504	0.997607	0.997402	2937.07	607.189	2908.47	-748.058	43356.3	
1395491302101	0.997490	0.997594	0.997390	2937.07	607.189	2908.47	-748.058	43392.9	
1395491302158	0.997470	0.997576	0.997372	2937.07	607.189	2908.47	-748.058	43444.3	
1395491302238	0.997431	0.997540	0.997338	2937.07	607.189	2908.47	-748.058	43545.4	
1395491302318	0.997392	0.997505	0.997304	2937.07	607.189	2908.47	-748.058	43646.5	
1395491302399	0.997353	0.997468	0.997269	2937.07	607.189	2908.47	-748.058	43749.8	
1395491302447	0.997339	0.997456	0.997256	2937.07	607.189	2908.47	-748.058	43786	
1395491302513	0.997313	0.997432	0.997233	2937.07	607.189	2908.47	-748.058	43854	
1395491302589	0.997279	0.997400	0.997203	2937.07	607.189	2908.47	-748.058	43944.3	
1395491302669	0.997241	0.997365	0.997169	2937.07	607.189	2908.47	-748.058	44044.1	
1395491302749	0.997203	0.997330	0.997135	2937.07	607.189	2908.47	-748.058	44143.8	
1395491302791	0.997193	0.997321	0.997126	2937.07	607.189	2908.47	-748.058	44171.2	
1395491302854	0.997170	0.997300	0.997105	2937.07	607.189	2908.47	-748.058	44232.6	
1395491302934	0.997133	0.997265	0.997072	2937.07	607.189	2908.47	-748.058	44331.5	
1395491303015	0.996543	0.997230	0.997038	2937.07	607.189	2908.47	-748.058	45249.7	
1395491303096	0.995980	0.997195	0.997004	2937.07	607.189	2908.47	-748.058	46106.8	
1395491303156	0.995757	0.997175	0.996985	2937.07	607.189	2908.47	-748.058	46459.5	
1395491303207	0.996279	0.997162	0.996971	2937.07	607.189	2899.63	-741.698	48164.4	
1395491303287	0.996649	0.997128	0.996939	2937.07	607.189	2902.94	-735.718	49870.7	
1395491303370	0.996942	0.997091	0.996903	2937.07	607.189	2903.3	-728.852	51727.5	
1395491303449	0.997180	0.997058	0.996871	2937.07	607.189	2899.77	-723.131	53234.9	
1395491303489	0.997370	0.997050	0.996863	2937.07	607.189	2904.01	-718.542	54415.3	
1395491303555	0.997533	0.997027	0.996840	2937.07	607.189	2904.82	-715.091	55227.5	
1395491303635	0.997673	0.996503	0.996808	2937.07	607.189	2905.33	-710.348	56438.1	
1395491303715	0.997798	0.995993	0.996775	2937.07	607.189	2905.62	-704.662	57916.4	
1395491303800	0.997908	0.996508	0.996738	2937.07	607.189	2904.88	-699.526	59223.1	
1395491303844	0.998001	0.996886	0.996729	2937.07	607.189	2909.74	-695.896	60076.2	
1395491303909	0.998085	0.997164	0.996707	2937.07	607.189	2913.31	-693.199	60656	
1395491303989	0.998161	0.997388	0.996675	2937.07	607.189	2917.1	-688.758	61778.8	
1395491304072	0.998230	0.997575	0.996109	2937.07	607.189	2920.89	-683.495	64283.5	
1395491304152	0.998293	0.997734	0.995610	2937.07	607.189	2924.72	-677.851	66820	
1395491304194	0.998353	0.997871	0.995539	2937.07	607.189	2928.17	-672.496	68341.1	
1395491304259	0.998406	0.997984	0.996152	2932.88	612.202	2931.42	-669.087	66752	
1395491304337	0.998455	0.998083	0.996588	2925.51	615.785	2934.83	-665.797	65784.9	
1395491304422	0.998503	0.998171	0.996903	2929.49	625.446	2934.46	-661.675	63328.2	
1395491304509	0.998547	0.998251	0.997156	2928.28	631.291	2934.61	-658.205	61955.3	
1395491304558	0.998588	0.998324	0.997366	2924.48	636.562	2935.87	-654.351	60860.7	
1395491304621	0.998626	0.998389	0.997534	2927.29	643.213	2937.92	-651.426	59223.5	
1395491304701	0.998661	0.998448	0.997678	2927.92	648.061	2940.45	-649.077	57989.1	
1395491304783	0.998694	0.998502	0.997804	2927.3	653.604	2940.56	-645.853	56785.7	
1395491304864	0.998726	0.998551	0.997916	2925.6	659.157	2942.04	-641.954	55770.4	
1395491304905	0.998757	0.998599	0.998016	2923.95	664.484	2943.44	-638.194	54804.2	
1395491304969	0.998724	0.998641	0.998105	2921.09	667.834	2943.44	-638.194	53648	
1395491305049	0.998672	0.998679	0.998185	2918.23	670.927	2943.44	-638.194	52601	
1395491305137	0.998612	0.998716	0.998257	2915.54	674.664	2943.44	-638.194	51385.1	
1395491305211	0.998570	0.998750	0.998323	2913.11	677.613	2943.44	-638.194	50396	
1395491305258	0.998553	0.998783	0.998384	2911.06	681.053	2943.44	-638.194	49246.4	
1395491305321	0.998524	0.998815	0.998439	2909.62	683.308	2943.44	-638.194	48473.4	
1395491305402	0.998476	0.998844	0.998490	2908.9	684.279	2943.44	-638.194	48160.9	
1395491305483	0.998429	0.998871	0.998537	2908.61	684.644	2943.44	-638.194	47961.5	
1395491305563	0.998383	0.998896	0.998580	2908.49	684.778	2943.44	-638.194	47829.1	
1395491305609	0.998369	0.998922	0.998622	2908.37	684.905	2943.44	-638.194	47660.2	
1395491305669	0.998344	0.998945	0.998660	2908.27	685.046	2943.44	-638.194	47505.5	
1395491305749	0.998300	0.998967	0.998696	2908.16	685.211	2943.44	-638.194	47375.3	
1395491305829	0.998257	0.998987	0.998729	2908.12	685.284	2943.44	-638.194	47274.8	
1395491305912	0.998211	0.999006	0.998760	2908.15	685.25	2943.44	-638.194	47212	
1395491305957	0.998197	0.999026	0.998790	2908.17	685.248	2943.44	-638.194	47095.5	
1395491306018	0.998173	0.999045	0.998819	2908.19	685.263	2943.44	-638.194	46994.5	
1395491306097	0.998133	0.999061	0.998845	2908.2	685.29	2943.44	-638.194	46919	
1395491306180	0.998088	0.999077	0.998869	2908.21	685.344	2943.44	-638.194	46846.1	
1395491306265	0.998043	0.999092	0.998893	2908.2	685.426	2943.44	-638.194	46772.8	
1395491306310	0.998030	0.999108	0.998916	2908.19	685.521	2943.44	-638.194	46645.8	
1395491306374	0.998004	0.999123	0.998938	2908.18	685.625	2943.44	-638.194	46540.5	
1395491306455	0.997963	0.999136	0.998958	2908.16	685.742	2943.44	-638.194	46460.1	
1395491306531	0.997928	0.999149	0.998977	2908.14	685.882	2943.44	-638.194	46368.5	
1395491306614	0.997886	0.999161	0.998995	2908.17	685.947	2943.44	-638.194	46311.9	
1395491306658	0.997874	0.999175	0.999014	2908.19	686.01	2943.44	-638.194	46207	
1395491306719	0.997852	0.999187	0.999032	2908.27	685.986	2943.44	-638.194	46146.8	
1395491306801	0.997811	0.999198	0.999047	2908.33	685.989	2943.44	-638.194	46113.2	
1395491306880	0.997774	0.999208	0.999062	2908.39	686.018	2943.44	-638.194	46070.4	
1395491306962	0.997734	0.999218	0.999077	2908.44	686.071	2943.44	-638.194	46028.4	
1395491307006	0.997723	0.999229	0.999092	2908.48	686.124	2943.44	-638.194	45938.6	
1395491307067	0.997701	0.999239	0.999107	2908.52	686.19	2943.44	-638.194	45866.3	
1395491307146	0.997665	0.999248	0.999119	2908.55	686.279	2943.44	-638.194	45816.7	
1395491307227	0.997627	0.999257	0.999132	2908.57	686.389	2943.44	-638.194	45766.9	
1395491307309	0.997588	0.999265	0.999143	2908.64	686.421	2943.44	-638.194	45742.3	
1395491307358	0.997574	0.999275	0.999156	2908.7	686.465	2943.44	-638.194	45670.4	
1395491307419	0.997553	0.999283	0.999168	2908.75	686.519	2943.44	-638.194	45611.9	
1395491307508	0.997508	0.999290	0.999178	2908.85	686.511	2943.44	-638.194	45616.4	
1395491307582	0.997477	0.999298	0.999189	2908.93	686.525	2943.44	-638.194	45591.1	
1395491307662	0.997441	0.999305	0.999198	2909.01	686.563	2943.44	-638.194	45571.1	
1395491307707	0.997429	0.999313	0.999209	2909.08	686.601	2943.44	-638.194	45506.2	
1395491307771	0.997406	0.999320	0.999219	2909.14	686.66	2943.44	-638.194	45459.3	
1395491307847	0.997374	0.999327	0.999228	2909.2	686.73	2943.44	-638.194	45429	
1395491307930	0.997336	0.999333	0.999237	2909.25	686.821	2943.44	-638.194	45406.7	
1395491308008	0.997302	0.999339	0.999245	2909.3	686.92	2943.44	-638.194	45375.5	
1395491308054	0.997291	0.999346	0.999254	2909.38	686.952	2943.44	-638.194	45321	
1395491308120	0.997267	0.999352	0.999263	2909.46	686.993	2943.44	-638.194	45289.6	
1395491308200	0.997232	0.999358	0.999270	2909.53	687.058	2943.44	-638.194	45275.2	
1395491308279	0.997198	0.999363	0.999277	2909.63	687.063	2943.44	-638.194	45276.4	
1395491308361	0.997161	0.999368	0.999284	2909.73	687.09	2943.44	-638.194	45278.6	
1395491308410	0.997148	0.999375	0.999292	2909.82	687.117	2943.44	-638.194	45235.6	
1395491308471	0.997128	0.999380	0.999300	2909.91	687.167	2943.44	-638.194	45201.6	
1395491308549	0.997095	0.999385	0.999306	2909.99	687.224	2943.44	-638.194	45192.4	
1395491308629	0.997061	0.999389	0.999312	2910.06	687.301	2943.44	-638.194	45182.9	
1395491308713	0.997023	0.999394	0.999318	2910.12	687.388	2943.44	-638.194	45178.7	
1395491308756	0.997013	0.999400	0.999325	2910.19	687.482	2943.44	-638.194	45117.7	
1395491308823	0.996989	0.999404	0.999332	2910.28	687.524	2943.44	-638.194	45100.1	
1395491308902	0.996956	0.999408	0.999337	2910.37	687.578	2943.44	-638.194	45099.5	
1395491308981	0.996923	0.999412	0.999342	2910.45	687.649	2943.44	-638.194	45095.3	
1395491309065	0.996886	0.999416	0.999347	2910.57	687.667	2943.44	-638.194	45115.3	
1395491309110	0.996875	0.999268	0.999354	2910.67	687.7	2943.44	-638.194	45077.7	
1395491309171	0.996856	0.998961	0.999360	2910.78	687.733	2943.44	-638.194	45059.5	
1395491309249	0.996824	0.998922	0.999364	2910.68	688.666	2943.44	-638.194	44828.5	
1395491309330	0.996790	0.998882	0.999369	2910.52	689.971	2943.44	-638.194	44504.7	
1395491309411	0.996755	0.998843	0.999373	2910.44	692.013	2943.44	-638.194	43987	
1395491309458	0.996744	0.998830	0.999379	2910.62	694.141	2943.44	-638.194	43405.4	
1395491309519	0.996724	0.998808	0.999384	2909.97	694.892	2943.44	-638.194	43195.2	
1395491309600	0.996690	0.998770	0.999389	2909.48	696.353	2943.44	-638.194	42828.2	
1395491309681	0.996656	0.998732	0.999393	2909.24	698.201	2943.44	-638.194	42363.1	
1395491309761	0.996623	0.998696	0.999397	2909.27	700.903	2943.44	-638.194	41675.1	
1395491309803	0.996614	0.998686	0.999402	2908.76	702.187	2943.44	-638.194	41308.7	
1395491309865	0.996594	0.998665	0.999369	2908.76	702.187	2943.44	-638.194	41382.2	
1395491309947	0.996560	0.998627	0.999313	2908.76	702.187	2943.44	-638.194	41510.9	
1395491310027	0.996527	0.998592	0.999263	2908.76	702.187	2943.44	-638.194	41633.4	
1395491310111	0.996491	0.998553	0.999210	2908.76	702.187	2943.44	-638.194	41768.1	
1395491310156	0.996481	0.998542	0.999195	2908.76	702.187	2943.44	-638.194	41806.7	
1395491310219	0.996460	0.998521	0.999166	2908.76	702.187	2943.44	-638.194	41881.9	
1395491310305	0.996423	0.998481	0.999115	2908.76	702.187	2943.44	-638.194	42022.2	
1395491310382	0.996393	0.998449	0.999075	2908.76	702.187	2943.44	-638.194	42134.7	
1395491310461	0.996361	0.998416	0.999033	2908.76	702.187	2943.44	-638.194	42252.8	
1395491310504	0.996351	0.998406	0.999021	2908.76	702.187	2943.44	-638.194	42287.8	
1395491310568	0.996331	0.998385	0.998995	2908.76	702.187	2943.44	-638.194	42364.8	
1395491310647	0.996299	0.998352	0.998955	2908.76	702.187	2943.44	-638.194	42482.3	
1395491310730	0.996265	0.998316	0.998913	2908.76	702.187	2943.44	-638.194	42612	
1395491310809	0.996233	0.998284	0.998874	2908.76	702.187	2943.44	-638.194	42729.5	
1395491310853	0.996223	0.998274	0.998863	2908.76	702.187	2943.44	-638.194	42765.8	
1395491310923	0.996199	0.998248	0.998833	2908.76	702.187	2943.44	-638.194	42857.4	
1395491311004	0.996166	0.998215	0.998795	2908.76	702.187	2943.44	-638.194	42980.3	
1395491311084	0.996134	0.998182	0.998757	2908.76	702.187	2943.44	-638.194	43100.2	
1395491311165	0.996101	0.998148	0.998719	2908.76	702.187	2943.44	-638.194	43222.9	
1395491311213	0.996089	0.998137	0.998706	2908.76	702.187	2943.44	-638.194	43266	
1395491311273	0.996072	0.998119	0.998686	2908.76	702.187	2943.44	-638.194	43333	
1395491311353	0.996040	0.998086	0.998649	2908.76	702.187	2943.44	-638.194	43452.1	
1395491311432	0.996009	0.998055	0.998614	2908.76	702.187	2943.44	-638.194	43568.4	
1395491311511	0.995978	0.998023	0.998580	2908.76	702.187	2943.44	-638.194	43684.6	
1395491311550	0.995970	0.998016	0.998571	2908.76	702.187	2943.44	-638.194	43712.9	
1395491311617	0.995948	0.997993	0.998547	2908.76	702.187	2943.44	-638.194	43796	
1395491311701	0.995913	0.997958	0.998508	2908.76	702.187	2943.44	-638.194	43926.9	
1395491311776	0.995885	0.997930	0.998478	2908.76	702.187	2943.44	-638.194	44031.4	
1395491311857	0.995853	0.997898	0.998443	2908.76	702.187	2943.44	-638.194	44153.1	
1395491311907	0.995840	0.997885	0.998429	2908.76	702.187	2943.44	-638.194	44199.4	
1395491311967	0.995823	0.997867	0.998410	2908.76	702.187	2943.44	-638.194	44265.9	
1395491312046	0.995792	0.997837	0.998377	2908.76	702.187	2943.44	-638.194	44381.1	
1395491312124	0.995762	0.997807	0.998345	2908.76	702.187	2943.44	-638.194	44493.7	
1395491312204	0.995730	0.997775	0.998311	2908.76	702.187	2943.44	-638.194	44612	
1395491312249	0.995720	0.997765	0.998301	2908.76	702.187	2943.44	-638.194	44649.4	
1395491312315	0.995699	0.997744	0.998278	2908.76	702.187	2943.44	-638.194	44729.5	
1395491312394	0.995669	0.997714	0.998245	2908.76	702.187	2943.44	-638.194	44844.4	
1395491312474	0.995637	0.997682	0.998212	2908.76	702.187	2943.44	-638.194	44962.4	
1395491312551	0.995608	0.997654	0.998182	2908.76	702.187	2943.44	-638.194	45071.7	
1395491312592	0.995600	0.997645	0.998173	2908.76	702.187	2943.44	-638.194	45102.6	
1395491312658	0.995579	0.997624	0.998151	2908.76	702.187	2943.44	-638.194	45182.5	
1395491312738	0.995548	0.997593	0.998118	2908.76	702.187	2943.44	-638.194	45300	
1395491312819	0.995516	0.997562	0.998085	2908.76	702.187	2943.44	-638.194	45420.6	
1395491312900	0.995484	0.997530	0.998052	2908.76	702.187	2943.44	-638.194	45541.2	
1395491312934	0.995478	0.997524	0.998046	2908.76	702.187	2943.44	-638.194	45562.4	
1395491313011	0.995449	0.997496	0.998016	2908.76	702.187	2943.44	-638.194	45670.7	
1395491313090	0.995419	0.997466	0.997985	2908.76	702.187	2943.44	-638.194	45785.1	
1395491313171	0.995387	0.997434	0.997952	2908.76	702.187	2943.44	-638.194	45905.3	
1395491313252	0.995355	0.997403	0.997433	2908.76	702.187	2943.44	-638.194	46929.7	
1395491313300	0.995344	0.997392	0.997327	2908.76	702.187	2943.44	-638.194	47152.6	
1395491313360	0.995327	0.997374	0.997121	2908.76	702.187	2943.44	-638.194	47575.2	
1395491313437	0.995298	0.997346	0.997394	2909.16	700.944	2943.44	-638.194	47875	
1395491313519	0.995265	0.997314	0.997608	2908.42	698.97	2943.44	-638.194	48429	
1395491313598	0.995235	0.997284	0.997782	2906.3	696.513	2943.44	-638.194	49124.3	
1395491313644	0.995225	0.997274	0.997927	2904.75	694.177	2943.44	-638.194	49744.9	
1395491313703	0.995208	0.997258	0.998045	2908.12	693.426	2943.44	-638.194	49931.1	
1395491313783	0.995178	0.997227	0.998147	2910.15	692.481	2943.44	-638.194	50190.6	
1395491313865	0.995145	0.997195	0.998237	2910.97	691.038	2943.44	-638.194	50598	
1395491313943	0.995116	0.997166	0.998317	2910.72	689.244	2943.44	-638.194	51099	
1395491313986	0.995107	0.997158	0.998389	2910.54	687.504	2943.44	-638.194	51542.2	
1395491314051	0.995087	0.997138	0.998451	2914.52	687.055	2943.44	-638.194	51651	
1395491314130	0.995057	0.997108	0.998507	2917.42	686.45	2943.44	-638.194	51817.1	
1395491314208	0.995027	0.997079	0.998558	2919.59	685.355	2943.44	-638.194	52125.7	
1395491314288	0.994997	0.996601	0.998605	2920.95	684.477	2943.44	-638.194	52365.7	
1395491314331	0.994988	0.996527	0.998650	2921.64	683.622	2943.44	-638.194	52548.8	
1395491314404	0.994962	0.996168	0.998691	2921.89	682.511	2943.44	-638.194	52843.6	
1395491314484	0.994932	0.996687	0.998729	2921.8	681.526	2943.44	-638.194	53109.5	
1395491314567	0.994899	0.997054	0.998764	2921.58	680.202	2943.44	-638.194	53485.3	
1395491314646	0.994869	0.997331	0.998797	2921.2	678.652	2943.44	-638.194	53924	
1395491314692	0.994859	0.997549	0.998829	2920.88	677.14	2943.44	-638.194	54309.6	
1395491314759	0.994837	0.997721	0.998859	2919.94	676.029	2943.44	-638.194	54593.4	
1395491314831	0.994813	0.997865	0.998886	2918.94	674.949	2943.44	-638.194	54875.8	
1395491314911	0.994782	0.997988	0.998912	2917.99	673.713	2943.44	-638.194	55221	
1395491314991	0.994752	0.998096	0.998935	2920.2	674.069	2943.44	-638.194	55114.8	
1395491315037	0.994741	0.998192	0.998957	2922.12	674.901	2943.44	-638.194	54818.6	
1395491315099	0.994723	0.998276	0.998980	2920.82	674.452	2943.44	-638.194	54897.3	
1395491315179	0.994693	0.998351	0.998999	2922.53	675.514	2943.44	-638.194	54580.7	
1395491315259	0.994662	0.998418	0.999019	2921.27	675.137	2943.44	-638.194	54670.1	
1395491315341	0.994630	0.998479	0.999037	2920.09	674.821	2943.44	-638.194	54747.4	
1395491315387	0.994620	0.998535	0.999056	2918.97	674.537	2943.44	-638.194	54767.9	
1395491315446	0.994604	0.998586	0.999074	2917.93	674.244	2943.44	-638.194	54808.7	
1395491315526	0.994573	0.998632	0.999090	2916.94	674.002	2943.44	-638.194	54867.8	
1395491315606	0.994543	0.998675	0.999105	2916	673.807	2943.44	-638.194	54915	
1395491315686	0.994513	0.998714	0.999119	2917.56	674.744	2943.44	-638.194	54652	
1395491315732	0.994503	0.998752	0.999133	2919.06	675.555	2943.44	-638.194	54381.2	
1395491315797	0.994483	0.998787	0.999147	2918.13	675.33	2943.44	-638.194	54419.8	
1395491315875	0.994454	0.998819	0.999160	2917.25	675.096	2943.44	-638.194	54483.6	
1395491315957	0.994422	0.998848	0.999172	2916.41	674.907	2943.44	-638.194	54542.6	
1395491316037	0.994392	0.998876	0.999183	2917.82	675.705	2943.44	-638.194	54327.8	
1395491316081	0.994382	0.998904	0.999195	2919.17	676.468	2943.44	-638.194	54075.5	
1395491316142	0.994365	0.998929	0.999206	2920.45	677.215	2943.44	-638.194	53847.8	
1395491316222	0.994335	0.998953	0.999216	2921.71	677.872	2943.44	-638.194	53676.4	
1395491316310	0.994298	0.998974	0.999226	2920.83	677.677	2943.44	-638.194	53755.2	
1395491316384	0.994272	0.998995	0.999235	2922.05	678.286	2943.44	-638.194	53590.3	
1395491316427	0.994263	0.999017	0.999245	2923.22	678.87	2943.44	-638.194	53394.1	
1395491316491	0.994244	0.999036	0.999255	2922.35	678.66	2943.44	-638.194	53442.6	
1395491316571	0.994214	0.999054	0.999263	2921.52	678.484	2943.44	-638.194	53506.8	
1395491316649	0.994185	0.999071	0.999272	2920.72	678.284	2943.44	-638.194	53576.4	
1395491316730	0.994154	0.999087	0.999279	2921.85	678.858	2943.44	-638.194	53438.4	
1395491316775	0.994145	0.999104	0.999289	2921.07	678.693	2943.44	-638.194	53455.9	
1395491316838	0.994126	0.999119	0.999297	2920.32	678.504	2943.44	-638.194	53502.9	
1395491316918	0.994096	0.999133	0.999304	2919.6	678.345	2943.44	-638.194	53568.2	
1395491316998	0.994066	0.999147	0.999311	2918.9	678.206	2943.44	-638.194	53628.7	
1395491317078	0.994036	0.999160	0.999318	2919.99	678.79	2943.44	-638.194	53490.5	
1395491317116	0.994029	0.999174	0.999325	2921.04	679.372	2943.44	-638.194	53299.5	
1395491317186	0.994006	0.999186	0.999332	2922.08	679.866	2943.44	-638.194	53172.6	
1395491317266	0.993976	0.999197	0.999338	2921.38	679.687	2943.44	-638.194	53249	
1395491317345	0.993947	0.999208	0.999344	2920.69	679.575	2943.44	-638.194	53304.1	
1395491317425	0.993917	0.999219	0.999349	2921.71	680.05	2943.44	-638.194	53201.2	
1395491317467	0.993908	0.999230	0.999357	2921.03	679.917	2943.44	-638.194	53216.1	
1395491317530	0.993890	0.999241	0.999363	2920.37	679.799	2943.44	-638.194	53251	
1395491317611	0.993859	0.999250	0.999368	2919.74	679.666	2943.44	-638.194	53319.6	
1395491317690	0.993830	0.999259	0.999373	2919.13	679.55	2943.44	-638.194	53380.7	
1395491317770	0.993800	0.999267	0.999378	2918.53	679.457	2943.44	-638.194	53437	
1395491317814	0.993791	0.999277	0.999385	2917.96	679.337	2943.44	-638.194	53453.8	
1395491317877	0.993772	0.999286	0.999390	2917.4	679.234	2943.44	-638.194	53488.6	
1395491317959	0.993741	0.999294	0.999394	2916.86	679.154	2943.44	-638.194	53547	
1395491318039	0.993711	0.999301	0.999399	2916.35	679.045	2943.44	-638.194	53611.9	
1395491318119	0.993681	0.999308	0.999403	2917.34	679.563	2943.44	-638.194	53503.2	
1395491318159	0.993673	0.999317	0.999408	2918.33	680.005	2943.44	-638.194	53365	
1395491318229	0.993651	0.999324	0.999413	2917.81	679.885	2943.44	-638.194	53418.4	
1395491318309	0.993621	0.999331	0.999417	2917.28	679.819	2943.44	-638.194	53472.3	
1395491318386	0.993593	0.999337	0.999421	2916.78	679.735	2943.44	-638.194	53527.3	
1395491318466	0.993563	0.999343	0.999424	2917.75	680.182	2943.44	-638.194	53442.1	
1395491318510	0.993554	0.999351	0.999429	2917.25	680.12	2943.44	-638.194	53447.9	
1395491318577	0.993533	0.999357	0.999433	2916.76	680.034	2943.44	-638.194	53489.4	
1395491318656	0.993504	0.999362	0.999437	2916.29	679.969	2943.44	-638.194	53544.4	
1395491318739	0.993472	0.999368	0.999440	2915.83	679.913	2943.44	-638.194	53604.2	
1395491318817	0.993443	0.999373	0.999443	2915.38	679.839	2943.44	-638.194	53661.6	
1395491318862	0.993434	0.999379	0.999448	2914.95	679.779	2943.44	-638.194	53670.6	
1395491318923	0.993417	0.999385	0.999452	2914.52	679.728	2943.44	-638.194	53695.9	
1395491319003	0.993387	0.999390	0.999455	2914.12	679.653	2943.44	-638.194	53758.8	
1395491319083	0.993357	0.999394	0.999458	2913.72	679.597	2943.44	-638.194	53816.3	
1395491319165	0.993326	0.999399	0.999460	2914.68	680.089	2943.44	-638.194	53725.6	
1395491319211	0.993316	0.999405	0.999465	2914.29	680.014	2943.44	-638.194	53742.6	
1395491319270	0.993300	0.999410	0.999468	2913.9	679.953	2943.44	-638.194	53770.8	
1395491319350	0.993270	0.999414	0.999471	2913.52	679.911	2943.44	-638.194	53825.7	
1395491319432	0.993239	0.999417	0.999473	2913.17	679.839	2943.44	-638.194	53893.9	
1395491319512	0.993209	0.999421	0.999475	2914.13	680.27	2943.44	-638.194	53819.8	
1395491319558	0.993199	0.999427	0.999479	2915.08	680.692	2943.44	-638.194	53701.1	
1395491319617	0.993183	0.999431	0.999482	2914.69	680.645	2943.44	-638.194	53726.9	
1395491319703	0.993149	0.999434	0.999484	2914.32	680.611	2943.44	-638.194	53792.1	
1395491319778	0.993123	0.999438	0.999487	2913.94	680.595	2943.44	-638.194	53833.1	
1395491319859	0.993092	0.999441	0.999489	2913.57	680.597	2943.44	-638.194	53879	
1395491319909	0.993080	0.999446	0.999493	2913.22	680.57	2943.44	-638.194	53889.8	
1395491319966	0.993065	0.999450	0.999496	2912.9	680.519	2943.44	-638.194	53916.6	
1395491320047	0.993035	0.999453	0.999498	2912.57	680.475	2943.44	-638.194	53977.7	
1395491320126	0.993006	0.999456	0.999500	2912.25	680.449	2943.44	-638.194	54030.5	
1395491320203	0.992979	0.999459	0.999502	2911.94	680.435	2943.44	-638.194	54076.6	
1395491320250	0.992968	0.999463	0.999505	2911.64	680.391	2943.44	-638.194	54091.1	
1395491320316	0.992948	0.999467	0.999508	2911.35	680.365	2943.44	-638.194	54124.1	
1395491320394	0.992920	0.999469	0.999509	2911.08	680.315	2943.44	-638.194	54184.1	
1395491320474	0.992890	0.999472	0.999511	2910.94	679.781	2943.44	-638.194	54395.5	
1395491320552	0.992862	0.999475	0.999513	2910.83	679.093	2943.44	-638.194	54650.6	
1395491320596	0.992853	0.999479	0.999516	2910.64	678.441	2943.44	-638.194	54848.7	
1395491320657	0.992836	0.999482	0.999519	2911.91	677.122	2943.44	-638.194	55279.1	
1395491320737	0.992365	0.999485	0.999520	2913.18	675.683	2943.44	-638.194	56809.5	
1395491320819	0.991857	0.999488	0.999522	2914.57	673.798	2943.44	-638.194	58578.7	
1395491320902	0.991332	0.999490	0.999523	2914.41	672.807	2943.44	-638.194	60108.2	
1395491320947	0.993491	0.999494	0.999526	2914.31	671.912	2934.56	-644.193	58796.6	
1395491321007	0.994598	0.999497	0.999529	2914.26	671.186	2943.23	-653.317	55563.8	
1395491321088	0.995331	0.999500	0.999530	2914.44	670.222	2940.62	-659.948	53066	
1395491321167	0.995862	0.999502	0.999532	2914.79	669.265	2933.96	-664.645	51167.5	
1395491321247	0.996251	0.999504	0.999533	2915.43	667.967	2937.91	-673.792	48025.6	
1395491321293	0.996567	0.999508	0.999536	2914.92	667.299	2937.42	-678.728	46062.5	
1395491321356	0.996828	0.999511	0.999538	2914.75	666.626	2934.4	-682.303	44572.3	
1395491321438	0.997049	0.999513	0.999539	2914.94	665.609	2930.21	-686.861	42936.9	
1395491321518	0.997238	0.999515	0.999541	2915.57	664.156	2925.16	-691.810	41350.3	
1395491321596	0.997394	0.999517	0.999542	2915.23	663.297	2927.53	-698.177	39265.5	
1395491321637	0.997532	0.999521	0.999545	2915.29	662.259	2928.67	-703.466	37591	
1395491321706	0.997655	0.999523	0.999508	2915.29	662.259	2928.72	-708.876	35702.4	
1395491321780	0.997765	0.999525	0.999467	2915.29	662.259	2928.55	-713.194	34173.6	
1395491321860	0.997863	0.999527	0.999421	2915.29	662.259	2928.2	-716.968	32842.1	
1395491321941	0.997952	0.999529	0.999376	2915.29	662.259	2927.5	-721.744	31271.3	
1395491321988	0.998035	0.999532	0.999362	2915.29	662.259	2927.22	-725.144	30069.4	
1395491322052	0.998109	0.999534	0.999335	2915.29	662.259	2927.33	-728.049	29045.1	
1395491322131	0.998181	0.999536	0.999295	2915.29	662.259	2922.79	-730.163	28262.9	
1395491322212	0.998246	0.999483	0.999255	2915.29	662.259	2919.16	-732.097	27550.2	
1395491322300	0.998305	0.999425	0.999208	2915.29	662.259	2916.38	-734.649	26702.7	
1395491322348	0.998362	0.999409	0.999195	2915.29	662.259	2914.71	-737.104	25856.3	
1395491322409	0.998412	0.999382	0.999173	2915.29	662.259	2914.4	-738.615	25284.5	
1395491322490	0.998461	0.999338	0.999135	2915.29	662.259	2911.02	-740.120	24739.7	
1395491322573	0.998506	0.999293	0.999096	2915.29	662.259	2908.47	-742.565	23971.3	
1395491322655	0.998547	0.999250	0.999058	2915.29	662.259	2907.21	-745.275	23155	
1395491322709	0.998588	0.999232	0.999042	2915.29	662.259	2904.03	-746.617	22656.4	
1395491322762	0.998564	0.999214	0.999027	2915.29	662.259	2904.03	-746.617	22697.2	
1395491322847	0.998501	0.999171	0.998988	2915.29	662.259	2904.03	-746.617	22801.1	
1395491322930	0.998443	0.999130	0.998951	2915.29	662.259	2904.03	-746.617	22899.3	
1395491323002	0.998400	0.999100	0.998923	2915.29	662.259	2904.03	-746.617	22972.4	
1395491323039	0.998389	0.999092	0.998916	2915.29	662.259	2904.03	-746.617	22991.6	
1395491323113	0.998345	0.999061	0.998887	2915.29	662.259	2904.03	-746.617	23067.5	
1395491323194	0.998293	0.999024	0.998852	2915.29	662.259	2904.03	-746.617	23158	
1395491323273	0.998245	0.998989	0.998820	2915.29	662.259	2904.03	-746.617	23243.2	
1395491323353	0.998197	0.998954	0.998787	2915.29	662.259	2904.03	-746.617	23329.8	
1395491323397	0.998182	0.998943	0.998777	2915.29	662.259	2904.03	-746.617	23355.8	
1395491323459	0.998154	0.998923	0.998757	2915.29	662.259	2904.03	-746.617	23407.1	
1395491323538	0.998108	0.998889	0.998726	2915.29	662.259	2904.03	-746.617	23489.9	
1395491323624	0.998054	0.998850	0.998688	2915.29	662.259	2904.03	-746.617	23587.3	
1395491323698	0.998015	0.998821	0.998660	2915.29	662.259	2904.03	-746.617	23659	
1395491323732	0.998007	0.998814	0.998655	2915.29	662.259	2904.03	-746.617	23674	
1395491323803	0.997972	0.998788	0.998629	2915.29	662.259	2904.03	-746.617	23739	
1395491323882	0.997928	0.998756	0.998598	2915.29	662.259	2904.03	-746.617	23819.3	
1395491323963	0.997883	0.998722	0.998566	2915.29	662.259	2904.03	-746.617	23903.1	
1395491324049	0.997833	0.998684	0.998529	2915.29	662.259	2904.03	-746.617	23997	
1395491324102	0.997814	0.998669	0.998515	2915.29	662.259	2904.03	-746.617	24032.4	
1395491324160	0.997792	0.998652	0.998499	2915.29	662.259	2904.03	-746.617	24074.6	
1395491324239	0.997750	0.998621	0.998468	2915.29	662.259	2904.03	-746.617	24152.5	
1395491324320	0.997707	0.998587	0.998436	2915.29	662.259	2904.03	-746.617	24234.1	
1395491324401	0.997665	0.998554	0.998404	2915.29	662.259	2904.03	-746.617	24315.2	
1395491324442	0.997654	0.998546	0.998396	2915.29	662.259	2904.03	-746.617	24335.9	
1395491324513	0.997621	0.998521	0.998371	2915.29	662.259	2904.03	-746.617	24397.5	
1395491324600	0.997573	0.998483	0.998335	2915.29	662.259	2904.03	-746.617	24489.7	
1395491324676	0.997537	0.998454	0.998307	2915.29	662.259	2904.03	-746.617	24560	
1395491324755	0.997498	0.998424	0.998277	2915.29	662.259	2904.03	-746.617	24635.3	
1395491324802	0.997484	0.998413	0.998266	2915.29	662.259	2904.03	-746.617	24661.9	
1395491324861	0.997462	0.998396	0.998249	2915.29	662.259	2904.03	-746.617	24703.6	
1395491324941	0.997423	0.998364	0.998219	2915.29	662.259	2904.03	-746.617	24780	
1395491325020	0.997384	0.998334	0.998189	2915.29	662.259	2904.03	-746.617	24854.3	
1395491325161	0.997264	0.998237	0.998094	2915.29	662.259	2904.03	-746.617	25089.1	
